stdClass Object
(
    [id] => 555
    [nama_beasiswa] => beasiswa kartu indonesia pintar kuliah (KIP Kuliah)
    [benua] => Asia
    [negara] => Dalam Negeri (Indonesia)
    [jenjang] => D3, D4,S1
    [deskripsi] => Program Beasiswa
    [deadline] => 31 oktober 2026
    [kategori] => Fully Funded, 
Partially Funded
    [jurusan] => Semua Jurusan
    [benefit] => Biaya Pendidikan Full Sampai Lulus
Biaya Hidup Bulanan
Biaya Pendaftaran Seleksi Masuk Perguruan Tinggi
    [persyaratan] => Siswa Sekolah Menengah Atas (SMA), Sekolah Menengah Kejuruan (SMK), Madrasah Aliyah (MA) atau sederajat yang akan lulus pada tahun penyelenggaraan program atau telah lulus maksimal 2 tahun yang lalu.
Memiliki potensi akademik yang baik dan keterbatasan ekonomi dibuktikan dengan pendapatan kotor gabungan orang tua atau wali paling banyak Rp4.000.000 setiap bulan atau pendapatan kotor gabungan orang tua atau wali dibagi jumlah anggota keluarga paling banyak Rp750.000.
Telah lulus seleksi penerimaan mahasiswa baru di Perguruan Tinggi Negeri (PTN) atau Perguruan Tinggi Swasta (PTS) di program studi yang telah terakreditasi A atau B. Mahasiswa baru yang diterima di program studi terakreditasi C diperbolehkan untuk mendaftar dengan pertimbangan tertentu.
    [sumber] => luarkampus.id
    [url] => https://luarkampus.id/beasiswa/781
    [url_asli] => https://kip-kuliah.kemdiktisaintek.go.id/siswa/auth/login
    [created_at] => 
    [updated_at] => 
    [embedding] => [-0.0703125,-0.013145447,0.03137207,0.01586914,0.005744934,-0.01939392,-0.017562866,0.061401367,0.01737976,-0.027359009,0.023925781,-0.027435303,-0.05606079,-0.00044608116,0.026443481,-0.0058021545,0.0022697449,-0.0031719208,-0.009490967,0.038513184,0.0053749084,0.018081665,-0.02218628,-0.0045661926,0.04248047,-0.060394287,-0.0024204254,-0.038269043,0.00868988,-0.01008606,0.026519775,-0.010818481,-0.023651123,-0.020904541,-0.0289917,0.038330078,-0.008125305,-0.0051078796,0.0024719238,-0.0625,-0.033294678,-0.021362305,-0.034423828,-0.0340271,0.022918701,0.045532227,-0.029083252,-0.002714157,0.022781372,0.04055786,-0.021408081,0.0023002625,0.07672119,0.039642334,-0.017593384,0.071899414,0.017196655,-0.025558472,0.015365601,-0.020141602,0.058288574,0.04901123,0.02017212,0.0075035095,-0.009513855,0.0011177063,-0.0496521,0.016845703,0.0013341904,0.018753052,0.01939392,0.014091492,0.014846802,-0.041259766,0.0037155151,0.034698486,-0.01361084,0.022460938,0.010955811,0.01852417,-0.02658081,-0.020141602,-0.023910522,-0.008415222,0.010856628,-0.056610107,-0.06890869,-0.018661499,-0.040405273,-0.06378174,-0.022277832,-0.056732178,-0.09350586,0.0418396,0.027542114,0.0066070557,-0.031829834,-0.046905518,0.0045776367,0.036224365,-0.018692017,-0.016708374,0.036590576,0.0033664703,0.06585693,0.02204895,-0.008628845,0.009284973,-0.012664795,-0.001376152,-0.07519531,0.0010499954,-0.0038146973,-0.004497528,0.019454956,-0.067871094,0.03173828,-0.035888672,-0.006252289,-0.0073661804,0.019500732,0.037017822,-0.003768921,-0.0051612854,-0.020858765,-0.011222839,-0.046783447,0.037506104,0.010360718,-0.03189087,-0.04309082,-0.012870789,-0.0099487305,-0.0390625,-0.013008118,0.016983032,0.010169983,-0.004173279,0.027618408,-0.061828613,0.017807007,0.018997192,0.0023899078,0.008995056,0.003440857,0.01436615,-0.011352539,0.02418518,0.00026535988,0.026992798,-0.07409668,0.025054932,0.008346558,-0.005580902,0.0068359375,-0.036315918,-0.01096344,0.031204224,0.013305664,0.0005311966,-0.03668213,-0.036956787,-0.013954163,0.02633667,-0.011978149,0.010322571,0.016937256,-0.050567627,-0.06536865,-0.012710571,0.020065308,-0.017837524,-0.012969971,0.008964539,0.039489746,-0.015716553,-0.0026664734,0.010498047,-0.00036597252,0.0026054382,0.008255005,0.014884949,-0.020553589,0.00894928,0.0044937134,0.027130127,0.011871338,0.025741577,0.019332886,0.05267334,0.014724731,0.009353638,-0.015777588,-0.017837524,-0.013198853,-0.027175903,-0.01512146,-0.012878418,-0.03439331,0.0037288666,-0.012779236,-0.02722168,-0.010726929,0.016784668,0.003168106,0.02229309,0.0020484924,0.008644104,0.067871094,-0.02053833,0.052856445,-0.0023899078,-0.012046814,0.022964478,0.010658264,-0.00035738945,0.011497498,0.037872314,0.020828247,0.021408081,-0.001004219,-0.024520874,-0.015975952,-0.015350342,0.00944519,0.018463135,-0.0015287399,0.064208984,0.008216858,-0.022842407,-0.009170532,-0.0038871765,0.031707764,-0.004917145,-0.0009417534,-0.0546875,0.0027809143,0.009681702,-0.009674072,-0.053131104,-0.004722595,0.027862549,-0.022567749,0.011077881,0.02671814,-0.007888794,-0.00422287,-0.021347046,-0.019470215,-0.01953125,-0.025344849,0.05368042,0.023788452,0.024734497,-0.024230957,-0.0390625,0.003572464,0.005832672,-0.007785797,-0.058746338,-0.013793945,0.07336426,0.01285553,-0.008415222,0.01713562,0.010475159,-0.03677368,0.003578186,-3.9339066e-05,-0.017196655,0.039215088,-0.043701172,0.03189087,0.016296387,0.015731812,0.014060974,0.051971436,0.057525635,-0.03692627,0.03338623,-0.09387207,-0.02128601,0.036834717,-0.008804321,0.027664185,0.0048713684,-0.0008916855,-0.0074806213,-0.016693115,-0.019714355,0.06347656,-0.016342163,-0.0007791519,-0.039520264,0.043914795,-0.027862549,0.0055656433,-0.0289917,0.0016870499,0.018203735,0.0071105957,-0.051208496,-0.051239014,0.0062294006,0.009094238,0.008628845,0.032043457,-0.028274536,-0.03363037,-0.013977051,0.004196167,0.013420105,0.01701355,0.026062012,-0.022872925,0.011642456,-0.021408081,-0.0045280457,0.036193848,-0.01625061,-0.004688263,-0.0014095306,0.012184143,-0.0021572113,-0.017578125,-0.0026817322,-0.03527832,0.028961182,-0.009719849,-0.016235352,-0.0026302338,0.027770996,-0.033996582,0.004009247,-0.03475952,0.0056152344,-0.0026130676,-0.007980347,-0.013191223,-0.017608643,-0.097717285,-0.013305664,-0.031234741,0.039154053,0.03375244,0.028533936,0.02859497,0.002073288,0.056274414,-0.020111084,0.024276733,-0.0012664795,0.010665894,0.04849243,0.002412796,-0.03567505,0.012512207,-0.031341553,-0.043273926,0.010124207,-0.014915466,-0.012878418,0.00080633163,0.068603516,-0.037109375,0.0102005005,-0.060668945,-0.05545044,0.042999268,-0.058258057,0.0067825317,-0.020645142,0.039855957,-0.012992859,0.031433105,-0.031555176,0.04949951,0.05102539,-0.008529663,0.036834717,-0.0018692017,-0.017288208,0.009460449,-0.03768921,-0.0078125,0.08746338,0.03262329,0.010040283,0.03375244,0.013923645,0.019989014,0.02986145,0.0690918,0.019210815,0.026382446,-0.0435791,-0.036865234,-0.012023926,-0.061584473,-0.03643799,-0.046295166,0.00919342,-0.016540527,-0.040985107,0.050567627,-7.4505806e-05,0.066345215,-0.006881714,0.002521515,-0.057006836,-0.035949707,-0.04928589,0.0178833,-0.022384644,-0.016403198,-0.0060806274,-0.038970947,0.00730896,-0.0036697388,-0.011795044,0.025161743,-0.0115737915,0.036132812,-0.080566406,0.0034751892,-0.002916336,0.03741455,-0.028808594,-0.0031223297,-0.017181396,-0.014709473,0.055725098,-0.023101807,0.004508972,0.0033454895,-0.019317627,0.06072998,-0.012191772,-0.008071899,-0.0016155243,0.04849243,-0.006275177,-0.032958984,0.021514893,-0.03050232,-0.024932861,-0.026992798,0.0040359497,-0.03475952,0.021697998,-0.024551392,-0.041259766,0.0713501,0.06237793,-0.013061523,-0.033569336,0.02003479,0.038482666,-0.018310547,-0.019439697,0.07543945,0.023925781,-0.05239868,-0.036376953,-0.006427765,0.0062675476,-0.023468018,0.032470703,0.0072021484,-0.013328552,-0.0004696846,0.022583008,-0.011299133,-0.017929077,0.009490967,0.035064697,-0.04977417,-0.0357666,-0.014640808,0.017532349,-0.021087646,-0.009468079,-0.054260254,-0.00894165,0.0031833649,0.013923645,0.038970947,-0.012237549,-0.008056641,0.013061523,-0.033294678,0.031799316,0.08239746,-0.0090789795,-0.020019531,-0.023040771,-0.01234436,0.007709503,-0.021591187,-0.017333984,0.03942871,-0.03564453,-0.055877686,-0.004436493,0.04711914,0.03250122,-0.019119263,-0.025024414,-0.006389618,-0.008804321,-0.059936523,0.0014295578,0.03137207,-0.0118255615,0.014389038,0.031829834,-0.0067481995,0.014434814,-0.03050232,-0.016326904,-0.038848877,0.020462036,-0.010818481,-0.036193848,-0.016342163,-0.020599365,0.012878418,-0.014663696,0.021820068,-0.009841919,-0.00068616867,-0.049957275,-0.016601562,-0.015731812,0.030471802,0.019592285,-0.0012083054,-0.011444092,0.002462387,-0.037872314,0.005908966,-0.003944397,-0.002231598,-0.01675415,-0.024978638,-0.0072402954,0.015159607,0.022827148,-0.0231781,-0.013053894,-0.0031852722,-0.0032539368,0.03149414,0.0016803741,0.01864624,0.010566711,-0.003452301,0.019805908,-0.010795593,0.03652954,0.033843994,0.01210022,0.010292053,-0.02255249,0.0026054382,0.0076179504,-0.01838684,0.030960083,0.026626587,0.017608643,-0.025558472,-0.0027885437,-0.042907715,-0.018707275,0.04525757,-0.010253906,-0.027938843,0.027618408,0.01966858,0.017089844,-0.022277832,0.013977051,0.0004954338,-0.007835388,0.0075035095,0.010635376,-0.009651184,0.019302368,-0.034057617,0.06689453,0.0007266998,0.026794434,-0.00066185,0.010353088,-0.016311646,-0.0017433167,0.0061035156,0.019256592,-0.012329102,-0.020446777,-0.016586304,0.011367798,-0.0028648376,-0.0012598038,-0.039245605,-0.035949707,0.025146484,-0.011260986,0.015342712,-9.125471e-05,-0.02078247,0.054779053,0.026062012,0.0068740845,-0.005466461,0.010681152,-0.035308838,0.0038318634,0.005832672,-0.005558014,0.037506104,0.012832642,0.016235352,0.035614014,0.010131836,0.03366089,-0.02243042,-0.002040863,-0.011199951,0.021133423,0.01864624,0.012260437,-0.023071289,0.0035629272,-0.005405426,-0.04321289,0.0029449463,-0.004508972,0.017852783,-0.04031372,-0.03189087,-0.025375366,-0.008926392,-0.06100464,-0.0010318756,3.886223e-05,-0.038238525,-0.02217102,-0.018798828,-0.029144287,0.004676819,-0.022018433,0.0015258789,-0.024047852,0.035095215,-0.04486084,-0.017471313,0.007965088,-0.043304443,-0.01927185,-0.03161621,0.029464722,-0.021148682,-0.039520264,-0.028671265,0.018371582,-0.026992798,0.033843994,0.046569824,-0.01739502,-0.027664185,0.002204895,0.02986145,0.011543274,0.0012722015,-0.049194336,-0.016906738,0.022018433,-0.019561768,0.007896423,-0.027770996,0.0045051575,-0.023590088,0.032562256,-0.030136108,0.0065612793,0.0017776489,-0.009590149,0.027160645,-0.042266846,0.016281128,0.006515503,0.028320312,-0.016113281,0.007331848,0.017990112,-0.01411438,0.017028809,-0.027801514,-0.032684326,-0.012260437,-0.021499634,0.0019245148,-0.028945923,-0.005218506,-0.003686905,0.009750366,0.0357666,0.037322998,0.03050232,-0.0289917,0.003704071,0.012001038,-0.005874634,0.007156372,-0.007030487,-0.0036525726,-0.030456543,0.015510559,0.0011177063,0.033416748,0.030380249,0.045196533,-0.024047852,-0.024139404,0.03829956,-0.011024475,-0.026062012,0.016677856,0.0036296844,0.015777588,-0.010177612,-0.044891357,-0.014480591,0.03237915,0.035827637,-0.0038986206,0.028823853,-0.0010137558,0.012435913,0.027938843,-0.030700684,0.02418518,-0.0059127808,-0.011276245,0.015113831,0.00046396255,-0.04147339,0.016921997,-0.00052309036,-0.0059928894,0.0071487427,0.02923584,0.0015954971,0.050933838,-0.03439331,-0.003206253,-0.013191223,-0.030471802,-0.019989014,-0.00072431564,0.038085938,-0.016159058,0.007637024,0.007904053,0.01928711,0.016235352,0.0039863586,0.0028209686,0.026657104,0.035308838,-0.034851074,0.024414062,0.034057617,0.034210205,0.015594482,-0.026626587,-0.05001831,0.0140686035,0.05050659,0.030181885,0.013626099,-0.0067596436,0.03652954,0.006664276,0.011497498,-0.028366089,0.027359009,-0.013404846,0.0001257658,-0.02027893,0.0038585663,-0.02507019,-0.008636475,-0.006942749,0.040008545,0.008361816,-0.0012788773,-0.0031166077,0.012718201,0.025299072,0.026901245,-0.014289856,0.024520874,-0.0042304993,-0.0090789795,-0.0044898987,0.02748108,0.018218994,0.014129639,-6.455183e-05,-0.017807007,0.016952515,0.0146102905,-0.011024475,-0.027252197,0.024139404,-0.0046157837,-0.030914307,0.0019836426,0.038330078,-0.003818512,0.00504303,-0.0030574799,0.0012836456,-0.028320312,0.0038433075,0.008583069,0.000910759,0.010185242,0.0069999695,0.005569458,-0.035736084,-0.0036354065,0.0362854,0.038146973,-0.039001465,0.00012218952,0.01184082,0.0048675537,-0.009239197,0.04534912,0.029006958,-0.012664795,0.039886475,-0.00020682812,-0.035858154,-0.028869629,-0.022750854,0.019958496,-0.027954102,-0.008995056,0.0071792603,-0.01977539,0.0041046143,0.0050354004,0.0049324036,-0.020629883,0.016036987,0.002729416,0.01802063,0.01133728,0.015617371,-0.03277588,-0.016952515,0.03137207,0.025619507,-0.015914917,-0.01953125,0.01058197,-0.006790161,0.026016235,0.011528015,-0.032409668,0.039154053,-0.01763916,0.016601562,0.018096924,-0.01537323,-0.07470703,0.013580322,0.0067481995,0.008834839,0.02758789,-0.0071487427,0.014343262,0.020996094,-0.0042762756,-0.003686905,-0.009460449,0.028457642,-0.0041389465,0.022521973,0.04550171,0.009056091,-0.01626587,-0.012046814,0.012458801,0.054595947,-0.0017242432,-0.03237915,-0.01146698,-0.021957397,0.02949524,0.060943604,-0.019866943,-0.015411377,0.0496521,0.0057029724,0.0037899017,-0.020874023,0.016189575,0.016952515,-0.0046691895,0.0071907043,0.047851562,-0.028625488,-0.014335632,0.02368164,-0.04034424,0.008605957,0.011955261,-0.013191223,0.0209198,0.041381836,0.019226074,0.019805908,0.025054932,-0.006996155,0.0058288574,-0.015625,0.033203125,-0.024276733,0.04119873,-0.002292633,0.016983032,-0.022155762,-0.0047683716,0.0143585205,0.01927185,0.035949707,0.060821533,0.00012010336,-0.021942139,0.0012388229,0.026123047,-0.0056381226,0.028259277,-0.010871887,-0.034484863,-0.0065078735,0.005176544,0.02671814,-0.020980835,0.005584717,0.014320374,0.047302246,0.01184082,0.02243042,-0.0006890297,0.00944519,0.013786316,-0.025161743,-0.017669678,-0.025390625,0.036254883,-0.000446558,-0.025024414,0.016555786,-0.021072388,0.020843506,0.042816162,-0.02848816,0.014045715,0.012435913,0.01737976,-0.0050086975,0.027618408,-0.012870789,0.01260376,0.0021438599,0.013397217,0.013908386,-0.0045166016,-0.01461792,0.029510498,-0.027160645,0.02923584,0.03161621,0.011024475,-0.0037288666,0.009925842,-0.021957397,0.008552551,0.019866943,-0.020767212,0.0110321045,0.002773285,0.002122879,-0.002658844,0.030410767,-0.030426025,-0.033721924,0.010932922,0.011505127,-0.019256592,0.009513855,0.009376526,0.017364502,0.002407074,-0.009902954,0.013053894,-0.04321289,0.00920105,-0.028442383,-0.012275696,-0.020492554,-0.036132812,0.00969696,-0.023971558,0.01828003,-0.017654419,-0.031463623,0.022460938,-0.024551392,-0.018707275,0.0055351257,-0.01890564,0.042388916,-0.009376526,-0.015205383,-0.049468994,-0.015487671,-0.044006348,0.044769287,0.008132935,-0.028137207,0.02658081,-0.0074424744,-0.009536743,-0.013076782,-0.014015198,-0.008346558,0.011268616,-0.023956299,-0.02571106,-0.044525146,-0.0023059845,0.023406982,0.024734497,-0.027267456,-0.01991272,-0.03567505,-0.012161255,0.007762909,0.010063171,0.00048685074,0.0047836304,-0.0029850006,0.0012359619,0.017028809,-0.03250122,0.045837402,-0.019378662,0.037078857,-0.006664276,0.022750854,-0.022003174,-0.021057129,-0.02470398,0.010604858,-0.03326416,-0.03152466,-0.004081726,0.035308838,0.020431519,-0.021148682,0.0077171326,0.0036373138,0.038116455,-0.018585205,0.014915466,-0.021118164,0.0009703636,-0.032470703,-0.001244545,0.010177612,0.014083862,0.019561768,0.0062217712,0.038024902,-0.01411438,0.004207611,0.011436462,0.031799316,0.009788513,0.006629944,0.008285522,0.0026111603,0.002439499,0.022735596,0.007534027,0.010818481,-0.00111866,-0.014823914,-0.0033111572,-0.016693115,0.003162384,-0.01525116,-0.011932373,-0.03366089,-0.018981934,0.015960693,-0.046203613,-0.007160187,0.01777649,-0.010437012,-0.016082764,0.020309448,0.001115799,-0.0043144226,0.0039596558,-0.009925842,-0.012535095,0.025436401,0.026031494,-0.008720398,0.014251709,-0.0063438416,0.022369385,-0.013397217,-0.019332886,-0.0014781952,0.017242432,0.013313293,-0.011909485,-0.018722534,0.03274536,0.0090408325,0.013191223,-0.018249512,0.013465881,-0.02633667,0.015388489,-0.012962341,0.0007805824,-0.0022640228,0.045898438,0.031921387,0.021087646,0.023773193,-0.0033397675,-0.010467529,-0.0077056885,-0.03778076,0.0004324913,0.011962891,0.047454834,0.008674622,0.051208496,0.009307861,0.001414299,-0.011161804,-0.01826477,-0.01625061,0.032348633,0.0004618168,-0.0077171326,0.028549194,0.020629883,-0.015411377,-0.0069503784,-0.02178955,0.035217285,0.029418945,0.022705078,-0.022872925,0.0289917,0.00894165,0.039978027,0.008255005,0.013923645,-0.02041626,-0.025970459,-0.00022876263,0.020736694,0.017196655,0.002149582,-0.025466919,-0.004047394,0.03302002,0.0076828003,-0.006515503,0.02670288,-0.00036597252,0.016021729,-0.011932373,-0.03591919,-0.005836487,0.0030918121,-0.0021266937,-0.006652832,-0.0032482147,0.0037841797,0.030426025,-0.014427185,-0.0073776245,0.00082445145,-0.00541687,0.03338623,0.01663208,0.0115356445,0.017242432,-0.062194824,-0.048828125,-0.008033752,0.00021576881,0.010284424,-0.01826477,-0.025527954,-0.025985718,-0.013015747,0.033111572,-0.005847931,0.014457703,-0.007648468,0.040008545,0.00090169907,0.06518555,0.0030765533,0.0118255615,0.025604248,0.013587952,-0.006801605,-0.011024475,-0.023132324,-0.029968262,-0.016220093,-0.025756836,-0.0029563904,-0.021957397,-0.0034942627,-0.0031833649,-0.008964539,0.0025920868,0.0076942444,0.008056641,0.009979248,-0.0054130554,-0.008758545,-0.04522705,0.008178711,0.016159058,-0.027404785,0.054992676,0.019851685,-0.01651001,0.0075569153,0.010147095,0.0068359375,-0.035949707,-0.015991211,-0.0017175674,-0.0035800934,-0.039520264,0.02809143,0.0022716522,0.023269653,0.023269653,0.03704834,-0.009109497,0.027816772,-0.002702713,-0.000100553036,0.012329102,0.011398315,0.00233078,0.0181427,0.04837036,0.0046081543,0.05001831,0.006881714,0.039611816,-0.012413025,-0.010017395,0.016143799,0.024978638,0.0055503845,-0.025390625,-0.0022239685,-0.010620117,-0.0046424866,-0.005420685,-0.010551453,-0.011230469,-0.009742737,-0.017120361,0.010757446,0.0023536682,6.312132e-05,0.0032653809,-0.004753113,1.7940998e-05,0.018432617,0.03173828,-0.0011548996,-0.0005302429,0.012229919,0.017929077,-0.044189453,-0.036468506,0.00032377243,-0.019897461,0.0146102905,0.013031006,0.001326561,0.033355713,0.0088272095,-0.014389038,-0.018188477,-0.015281677,-0.007282257,0.013656616,-0.0011024475,-0.022018433,-0.00969696,0.008270264,-0.027664185,-0.01651001,-0.026290894,-0.06298828,0.027862549,0.011413574,-0.0051651,-0.0013656616,0.048187256,-0.031433105,0.027267456,-0.043029785,-0.018066406,0.0045051575,-0.025299072,0.014793396,0.051116943,0.003162384,-0.014198303,0.011413574,0.02848816,-0.004711151,-0.024093628,-0.016433716,-0.018753052,0.024780273,-0.0060920715,0.008277893,-0.0073623657,0.0056114197,0.0357666,-0.00356102,-0.004219055,-0.0017375946,0.040100098,0.010910034,-0.0012397766,0.011886597,-0.038269043,-0.039154053,0.050964355,0.036895752,-0.011909485,-0.04434204,-0.026473999,0.01701355,0.055419922,0.018463135,0.020706177,-0.026519775,-0.017532349,-0.0025959015,0.013191223,0.027297974,-0.017578125,0.018371582,0.010612488,0.024139404,-0.026489258,-0.00010740757,-0.048553467,0.019348145,0.01033783,-0.016601562,0.021759033,0.020645142,0.029403687,-0.009056091,-0.033569336,0.01675415,0.0015182495,-0.003396988,0.016281128,-0.011795044,-0.011688232,-0.004962921,0.022140503,-0.015411377,0.0046424866,0.004207611,0.023086548,-0.010429382,0.04095459,0.011619568,0.021499634,-0.017959595,0.0256958,0.0236969,0.013328552,-0.015113831,0.01361084,0.03036499,0.015914917,-0.017333984,0.0029716492,0.010246277,-0.00818634,0.04638672,0.030685425,0.062927246,0.018981934,0.024459839,0.012809753,-0.025482178,-0.021270752,-0.036468506,0.00198555,0.010360718,-0.013404846,-0.015365601,0.005794525,0.0053977966,0.01675415,-0.0014295578,0.013519287,0.022125244,0.042907715,-0.014846802,0.01939392,-0.01953125,-0.022125244,-0.016860962,0.019073486,-0.0031909943,0.019332886,-0.024963379,-0.006084442,0.017700195,0.023330688,-0.024780273,0.011482239,0.021270752,0.016799927,0.0069618225,-0.0015325546,0.015792847,0.046569824,0.014335632,-0.004459381,0.041931152,0.01739502,0.05984497,0.036743164,-0.03466797,0.015617371,-0.052490234,-0.020217896,0.015853882,-0.0003900528,0.040740967,0.020858765,0.0035972595,-0.014656067,-0.045288086,0.0052833557,-0.022064209,0.022964478,-0.023925781,-0.00566864,-0.009178162,-0.011695862,0.010261536,-0.01902771,0.016326904,-0.001367569,0.014411926,0.0061035156,-0.01689148,-0.013557434,0.015167236,0.009605408,-0.012832642,-0.050933838,0.009353638,-0.024734497,0.0017557144,0.005584717,0.0017719269,-0.021209717,-0.030975342,-0.011383057,0.021606445,-0.0002708435,0.051239014,0.0036716461,-0.048950195,-0.0027675629,-0.016235352,-2.9861927e-05,-0.0070877075,-0.014038086,-0.039520264,0.0067214966,-0.00894165,0.019470215,0.03326416,0.016799927,0.017562866,0.01033783,0.015975952,0.023422241,-0.05718994,0.008163452,0.0110321045,0.017318726,-0.013900757,-0.014266968,-0.035736084,0.009605408]
    [fts_content] => 'asia':8B 'beasiswa':1A,13C 'dalam':9B 'indonesia':3A,11B 'kartu':2A 'kip':6A 'kuliah':5A,7A 'neger':10B 'pintar':4A 'program':12C
)
